2.0 0.25 1.0 1.3333333333333333 2.0 0.8 3.0 1.0 2.5 1.6
1.0 1.0 3.0 0.5 7.0 8.0 1.1428571428571428 9.0 0.2857142857142857 1.5
2.25 0.5555555555555556 0.4444444444444444 0.1111111111111111 1.3333333333333333 1.5 0.3333333333333333 3.0 0.4444444444444444 1.0
0.5 0.4444444444444444 1.3333333333333333 0.4444444444444444 1.6 0.25 2.0 0.2 1.25 1.1428571428571428
0.4444444444444444 3.0 0.8888888888888888 0.5 1.0 0.14285714285714285 0.8333333333333334 1.5 3.0 0.7777777777777778
9.0 1.0 0.2857142857142857 0.8333333333333334 1.125 0.2222222222222222 0.2222222222222222 2.6666666666666665 0.4444444444444444 1.0
1.1428571428571428 1.5 0.14285714285714285 0.4444444444444444 0.6666666666666666 1.25 1.6666666666666667 1.75 0.7142857142857143 1.25
0.5714285714285714 0.8333333333333334 0.625 9.0 0.5555555555555556 0.8 1.1428571428571428 1.0 0.6666666666666666 0.3333333333333333
0.5 0.75 0.6666666666666666 0.25 1.2 0.16666666666666666 0.5 0.75 0.625 0.375
0.25 1.3333333333333333 0.75 0.125 1.0 1.0 0.5 1.0 2.6666666666666665 0.3333333333333333
